C = 0.000977:
	EER-dev:	0.031084 (0.027026, 0.020988, 0.062940, 0.044467, 0.000000)
	HTER-test:	0.054571 (0.042071, 0.050354, 0.066356, 0.058826, 0.055249)
	EER-test:	0.055096 (0.053931, 0.053931, 0.055096, 0.058591, 0.053931)
C = 0.003906:
	EER-dev:	0.032635 (0.035437, 0.018025, 0.063752, 0.045963, 0.000000)
	HTER-test:	0.054616 (0.041883, 0.050731, 0.064320, 0.059767, 0.056378)
	EER-test:	0.055367 (0.053931, 0.053931, 0.056449, 0.058591, 0.053931)
C = 0.015625:
	EER-dev:	0.034676 (0.040040, 0.018250, 0.064170, 0.050919, 0.000000)
	HTER-test:	0.055068 (0.041506, 0.050731, 0.064885, 0.060896, 0.057320)
	EER-test:	0.054976 (0.053931, 0.053931, 0.055284, 0.057802, 0.053931)
C = 0.062500:
	EER-dev:	0.034676 (0.040040, 0.018250, 0.064170, 0.050919, 0.000000)
	HTER-test:	0.055068 (0.041506, 0.050731, 0.064885, 0.060896, 0.057320)
	EER-test:	0.054976 (0.053931, 0.053931, 0.055284, 0.057802, 0.053931)
C = 0.250000:
	EER-dev:	0.034676 (0.040040, 0.018250, 0.064170, 0.050919, 0.000000)
	HTER-test:	0.055068 (0.041506, 0.050731, 0.064885, 0.060896, 0.057320)
	EER-test:	0.054976 (0.053931, 0.053931, 0.055284, 0.057802, 0.053931)
C = 1.000000:
	EER-dev:	0.034676 (0.040040, 0.018250, 0.064170, 0.050919, 0.000000)
	HTER-test:	0.055068 (0.041506, 0.050731, 0.064885, 0.060896, 0.057320)
	EER-test:	0.054976 (0.053931, 0.053931, 0.055284, 0.057802, 0.053931)
C = 4.000000:
	EER-dev:	0.034676 (0.040040, 0.018250, 0.064170, 0.050919, 0.000000)
	HTER-test:	0.055068 (0.041506, 0.050731, 0.064885, 0.060896, 0.057320)
	EER-test:	0.054976 (0.053931, 0.053931, 0.055284, 0.057802, 0.053931)
C = 16.000000:
	EER-dev:	0.034676 (0.040040, 0.018250, 0.064170, 0.050919, 0.000000)
	HTER-test:	0.055068 (0.041506, 0.050731, 0.064885, 0.060896, 0.057320)
	EER-test:	0.054976 (0.053931, 0.053931, 0.055284, 0.057802, 0.053931)
C = 64.000000:
	EER-dev:	0.034676 (0.040040, 0.018250, 0.064170, 0.050919, 0.000000)
	HTER-test:	0.055068 (0.041506, 0.050731, 0.064885, 0.060896, 0.057320)
	EER-test:	0.054976 (0.053931, 0.053931, 0.055284, 0.057802, 0.053931)
C = 256.000000:
	EER-dev:	0.034676 (0.040040, 0.018250, 0.064170, 0.050919, 0.000000)
	HTER-test:	0.055068 (0.041506, 0.050731, 0.064885, 0.060896, 0.057320)
	EER-test:	0.054976 (0.053931, 0.053931, 0.055284, 0.057802, 0.053931)
C = 1024.000000:
	EER-dev:	0.034676 (0.040040, 0.018250, 0.064170, 0.050919, 0.000000)
	HTER-test:	0.055068 (0.041506, 0.050731, 0.064885, 0.060896, 0.057320)
	EER-test:	0.054976 (0.053931, 0.053931, 0.055284, 0.057802, 0.053931)
